-4.164083480834960938e+00
-4.452218055725097656e+00
-3.144420623779296875e+00
-3.501680612564086914e+00
-1.200718879699707031e+00
-2.033979415893554688e+00
-2.529973030090332031e+00
-2.737257003784179688e+00
-3.087527036666870117e+00
-4.339375019073486328e+00
-3.549859046936035156e+00
-3.759900569915771484e+00
-4.669074535369873047e+00
-3.211981773376464844e+00
-3.961801290512084961e+00
-4.020823478698730469e+00
-4.041155815124511719e+00
-4.047396183013916016e+00
-4.819392204284667969e+00
-4.778301239013671875e+00
-4.540176391601562500e+00
-4.906925201416015625e+00
-4.540028572082519531e+00
-5.594424724578857422e+00
-4.710752964019775391e+00
-4.255146503448486328e+00
-5.327016353607177734e+00
-4.837551116943359375e+00
-5.171499252319335938e+00
-5.837151527404785156e+00
-5.625651836395263672e+00
-4.394408702850341797e+00
-5.853045940399169922e+00
-5.394508361816406250e+00
-5.461473941802978516e+00
-5.955440044403076172e+00
-5.251713752746582031e+00
-5.043815612792968750e+00
-6.412511348724365234e+00
-6.901784420013427734e+00
-5.944183349609375000e+00
-4.798147678375244141e+00
-6.134259223937988281e+00
-6.295933723449707031e+00
-5.460292339324951172e+00
-7.179004669189453125e+00
-7.459016799926757812e+00
-7.384991645812988281e+00
-6.847254753112792969e+00
-7.040610313415527344e+00
-5.622682094573974609e+00
-7.047940254211425781e+00
-6.576662540435791016e+00
-6.317792415618896484e+00
-5.894455909729003906e+00
-6.747917175292968750e+00
-5.862012863159179688e+00
-7.962682723999023438e+00
-7.475924491882324219e+00
-6.621237277984619141e+00
-6.657241344451904297e+00
-7.020168781280517578e+00
-7.855568885803222656e+00
-7.324308872222900391e+00
-8.181912422180175781e+00
-7.025973320007324219e+00
-7.901937007904052734e+00
-7.185184478759765625e+00
-6.880227088928222656e+00
-7.061247348785400391e+00
-7.713623523712158203e+00
-6.036501407623291016e+00
-8.166076660156250000e+00
-8.071283340454101562e+00
-9.387016296386718750e+00
-8.151328086853027344e+00
-7.807728767395019531e+00
-8.410093307495117188e+00
-6.984032154083251953e+00
-7.496084213256835938e+00
