3.729192733764648438e+01
7.799431324005126953e+00
6.399488925933837891e+00
2.295054912567138672e+00
2.472685575485229492e+00
1.707188010215759277e+00
2.191709995269775391e+00
1.203183174133300781e+00
1.035263419151306152e+00
1.064504146575927734e+00
1.368760704994201660e+00
1.199211716651916504e+00
9.606133103370666504e-01
9.702888727188110352e-01
9.652622342109680176e-01
9.267511367797851562e-01
1.418389916419982910e+00
9.690119028091430664e-01
9.458703398704528809e-01
8.352807760238647461e-01
