-9.683873176574707031e+00
-2.355684471130371094e+01
-1.550147342681884766e+01
-1.533152198791503906e+01
-1.312290000915527344e+01
-8.242096900939941406e+00
6.281035542488098145e-01
-5.786243915557861328e+00
-1.097456169128417969e+01
-1.886951255798339844e+01
-1.458750343322753906e+01
-7.494367599487304688e+00
-1.795120048522949219e+01
-5.925523757934570312e+00
-1.582747554779052734e+01
-1.311937713623046875e+01
-1.162520694732666016e+01
-1.738362503051757812e+01
-1.109401130676269531e+01
-1.677147674560546875e+01
-2.129401206970214844e+01
-1.811119270324707031e+01
-1.501741409301757812e+01
-1.591063022613525391e+01
-1.780380439758300781e+01
-1.614890861511230469e+01
-1.887635040283203125e+01
-1.735809516906738281e+01
-1.821377563476562500e+01
-1.879561805725097656e+01
-1.648249244689941406e+01
-1.453403854370117188e+01
-1.706119155883789062e+01
-1.827775382995605469e+01
-2.005829238891601562e+01
-1.658995056152343750e+01
-1.722399520874023438e+01
-1.971768569946289062e+01
-1.550679588317871094e+01
-1.717795372009277344e+01
-1.362591743469238281e+01
-2.160099411010742188e+01
-1.915819549560546875e+01
-2.062647819519042969e+01
-2.118295669555664062e+01
-2.098926353454589844e+01
-1.663961982727050781e+01
-2.291373443603515625e+01
-1.940683555603027344e+01
-1.970176506042480469e+01
-1.548037147521972656e+01
-1.549812030792236328e+01
-2.399153518676757812e+01
-1.987159729003906250e+01
-1.791097068786621094e+01
-1.975274276733398438e+01
-2.043291091918945312e+01
-1.839092063903808594e+01
-2.197095489501953125e+01
-1.662559890747070312e+01
-2.296023941040039062e+01
-2.222056770324707031e+01
-1.865395355224609375e+01
-1.723241996765136719e+01
-2.134169960021972656e+01
-2.064257049560546875e+01
-1.736528396606445312e+01
-2.025394439697265625e+01
-2.246357154846191406e+01
-1.831637191772460938e+01
-2.232497024536132812e+01
-2.115246200561523438e+01
-1.656764030456542969e+01
-1.835516357421875000e+01
-2.013557052612304688e+01
-1.918789672851562500e+01
-1.946888542175292969e+01
-1.855810165405273438e+01
-1.996142578125000000e+01
-1.851316452026367188e+01
